


ORIGINAL
I= 0.15111587786536904
fcor= 0.04190941472789868
Im= 0.019806357311471828
IM= 1.3303087799615003
mcontent= 0.10019784647812406


OFF-BLOCK -> MEAN BTW CLUSTERS
I= 0.09493296997242687
fcor= 0.04192532261535809
Im= 0.019828121099310436
IM= 1.3308562912044877
mcontent= 0.057286983289681064


OFF-BLOCK -> MEAN OFF-BLOCK
I= 0.08561922720222913
fcor= 0.04192698080876519
Im= 0.019830390218438666
IM= 1.3309133502787853
mcontent= 0.05017900391349936
