0.0000 1.1622 1.2764 1.2609 1.2662 1.2869 1.2139 1.2164 1.2287 1.2696 1.1733 1.1840 1.2534 1.2385 1.2595 1.2446 1.1516 1.1832 1.2085 1.1898 1.3063 1.2736 1.2671 1.2304 1.2861 1.2618 1.1699 1.2836 1.2603 1.3254 1.2548 1.2213 1.2611 1.2820 1.2747 1.2139 1.2491 1.2283 1.1965 1.2744 1.1915 1.2256 1.2831 1.2891 1.2392 1.2869 1.2032 1.2845 1.2196 1.2389 1.2459 1.2231 1.2568 1.2745 1.2708 1.3118 1.2576 1.2509 1.2714 1.2773
1.1622 0.0000 1.1712 1.2412 1.1591 1.1985 1.1607 1.1976 1.1734 1.0960 1.1561 1.1565 1.2010 1.1462 1.1889 1.2339 1.1680 1.1352 1.1587 1.2098 1.2233 1.2585 1.2200 1.2233 1.2081 1.1938 1.1810 1.1851 1.1889 1.1983 1.1377 1.1606 1.1953 1.1996 1.1507 1.1899 1.1903 1.2205 1.1898 1.2498 1.1646 1.2478 1.2075 1.1918 1.2406 1.1873 1.1964 1.2057 1.1566 1.1590 1.1686 1.2012 1.1703 1.1599 1.1564 1.1827 1.2001 1.2181 1.1935 1.2260
1.2764 1.1712 0.0000 1.2250 1.1625 1.1760 1.2148 1.1437 1.2409 1.1814 1.1613 1.2283 1.1713 1.2056 1.1674 1.2291 1.2147 1.1146 1.1442 1.2005 1.2344 1.1983 1.2112 1.1672 1.2162 1.1722 1.1976 1.2517 1.2724 1.1875 1.1596 1.2071 1.2411 1.2037 1.2334 1.1747 1.2284 1.1605 1.2325 1.2362 1.1781 1.2211 1.2057 1.1707 1.1394 1.2940 1.1633 1.1390 1.1704 1.2183 1.2111 1.2085 1.1405 1.2472 1.1682 1.2046 1.1234 1.1951 1.1918 1.1901
1.2609 1.2412 1.2250 0.0000 1.2954 1.2179 1.2107 1.1916 1.2484 1.1902 1.1260 1.2326 1.2539 1.1627 1.1810 1.2438 1.1956 1.1912 1.1663 1.2267 1.2660 1.2084 1.2231 1.1630 1.2170 1.1810 1.2157 1.2506 1.2374 1.2476 1.1875 1.2555 1.1629 1.1761 1.2539 1.2079 1.2310 1.2752 1.1640 1.2666 1.1765 1.2020 1.1583 1.2004 1.2375 1.2167 1.2013 1.2399 1.2358 1.2306 1.2016 1.1840 1.1857 1.2565 1.1607 1.1728 1.2380 1.1447 1.2087 1.1701
1.2662 1.1591 1.1625 1.2954 0.0000 1.2340 1.1917 1.2698 1.2234 1.1369 1.2185 1.2252 1.2565 1.2089 1.2059 1.2097 1.2615 1.2301 1.2137 1.2149 1.2706 1.2222 1.2415 1.3013 1.2158 1.1892 1.2491 1.2457 1.2319 1.2184 1.2164 1.1583 1.2536 1.2856 1.2131 1.2772 1.2059 1.2308 1.2166 1.2011 1.2331 1.2518 1.2475 1.1912 1.1956 1.2348 1.2603 1.1879 1.2065 1.2307 1.2395 1.2744 1.2010 1.2461 1.1967 1.2276 1.2140 1.1448 1.2044 1.2118
1.2869 1.1985 1.1760 1.2179 1.2340 0.0000 1.2480 1.1540 1.2370 1.1907 1.1555 1.1814 1.2098 1.2309 1.1396 1.1958 1.1792 1.2280 1.1756 1.2367 1.2378 1.2112 1.2538 1.2609 1.2481 1.1656 1.1716 1.2283 1.2683 1.2061 1.2492 1.2213 1.2055 1.2193 1.2044 1.1967 1.2761 1.2038 1.2034 1.1909 1.2027 1.2326 1.2535 1.2141 1.2048 1.2340 1.2493 1.2407 1.2338 1.2548 1.2296 1.2186 1.1679 1.1950 1.2116 1.2056 1.1935 1.1567 1.2346 1.2166
1.2139 1.1607 1.2148 1.2107 1.1917 1.2480 0.0000 1.2429 1.1767 1.1478 1.1380 1.2267 1.1723 1.1850 1.1389 1.2342 1.1688 1.1997 1.2270 1.2470 1.2418 1.2174 1.2348 1.1642 1.2300 1.2154 1.1997 1.2460 1.2111 1.2205 1.1955 1.2198 1.2030 1.2537 1.1666 1.1888 1.2141 1.1916 1.2207 1.2172 1.1610 1.2466 1.2011 1.1810 1.2343 1.2371 1.1751 1.1425 1.1356 1.2344 1.1158 1.2515 1.1569 1.1774 1.1668 1.1737 1.1621 1.1512 1.1410 1.1819
1.2164 1.1976 1.1437 1.1916 1.2698 1.1540 1.2429 0.0000 1.2237 1.2338 1.2339 1.2190 1.2631 1.2130 1.1368 1.2403 1.1773 1.2039 1.1749 1.2390 1.2226 1.2762 1.2372 1.1256 1.1914 1.1653 1.1788 1.2414 1.2349 1.2051 1.1572 1.2455 1.1404 1.2228 1.2374 1.1580 1.2105 1.2284 1.2051 1.2055 1.1543 1.2327 1.2061 1.1978 1.1695 1.2414 1.2073 1.2034 1.2031 1.2294 1.1812 1.1441 1.1809 1.2599 1.1762 1.1819 1.1880 1.1717 1.2330 1.2359
1.2287 1.1734 1.2409 1.2484 1.2234 1.2370 1.1767 1.2237 0.0000 1.2365 1.2201 1.1992 1.1940 1.1758 1.2012 1.2096 1.2294 1.1744 1.1511 1.2864 1.2661 1.2598 1.2665 1.2321 1.2589 1.2256 1.2196 1.2278 1.2446 1.2436 1.2736 1.2144 1.2168 1.2045 1.1747 1.1695 1.2245 1.2330 1.2281 1.2983 1.1872 1.2766 1.2268 1.1769 1.2677 1.2476 1.1628 1.2580 1.1585 1.2482 1.1798 1.2422 1.1873 1.2433 1.2115 1.2382 1.1968 1.1983 1.2157 1.2633
1.2696 1.0960 1.1814 1.1902 1.1369 1.1907 1.1478 1.2338 1.2365 0.0000 1.1618 1.2104 1.2078 1.1725 1.1237 1.1987 1.1911 1.2226 1.1815 1.1894 1.2339 1.2060 1.2384 1.1761 1.2072 1.1756 1.1884 1.2378 1.2112 1.1529 1.1755 1.2409 1.1931 1.2328 1.2247 1.2081 1.2213 1.1625 1.1829 1.2281 1.2182 1.2795 1.2554 1.0922 1.2615 1.2139 1.1889 1.1637 1.1234 1.1968 1.1678 1.2198 1.0941 1.1532 1.1540 1.2002 1.1575 1.1577 1.2453 1.1924
1.1733 1.1561 1.1613 1.1260 1.2185 1.1555 1.1380 1.2339 1.2201 1.1618 0.0000 1.1759 1.2130 1.1963 1.1455 1.2070 1.1409 1.1790 1.1765 1.2097 1.2051 1.2632 1.2187 1.1679 1.2287 1.2006 1.1789 1.2904 1.2251 1.1948 1.1634 1.1758 1.1755 1.1493 1.1738 1.1662 1.2001 1.1930 1.1859 1.2574 1.1806 1.2095 1.1766 1.1812 1.1934 1.1837 1.1671 1.1578 1.1618 1.1542 1.1608 1.1886 1.1385 1.1718 1.1830 1.1850 1.1318 1.1174 1.1384 1.1871
1.1840 1.1565 1.2283 1.2326 1.2252 1.1814 1.2267 1.2190 1.1992 1.2104 1.1759 0.0000 1.2014 1.2178 1.1701 1.2092 1.2345 1.1821 1.1790 1.2046 1.2903 1.2454 1.2778 1.2263 1.2314 1.2219 1.1799 1.2735 1.2470 1.2075 1.2220 1.1885 1.1887 1.1940 1.2209 1.1755 1.1747 1.2010 1.1634 1.2285 1.2137 1.2479 1.2060 1.2213 1.1974 1.2187 1.2117 1.1906 1.2177 1.2560 1.1717 1.2115 1.2450 1.2063 1.1809 1.1936 1.2513 1.1757 1.1783 1.1463
1.2534 1.2010 1.1713 1.2539 1.2565 1.2098 1.1723 1.2631 1.1940 1.2078 1.2130 1.2014 0.0000 1.2377 1.1840 1.2099 1.2180 1.1651 1.2166 1.2281 1.2469 1.1728 1.2241 1.2266 1.2664 1.2376 1.2302 1.2882 1.2857 1.2656 1.2536 1.1549 1.2135 1.2837 1.2522 1.2261 1.1965 1.2482 1.1594 1.2364 1.1758 1.3194 1.1820 1.1915 1.1152 1.2659 1.2464 1.2416 1.2050 1.1770 1.2343 1.2392 1.2098 1.2487 1.2323 1.2794 1.1649 1.1782 1.2018 1.2126
1.2385 1.1462 1.2056 1.1627 1.2089 1.2309 1.1850 1.2130 1.1758 1.1725 1.1963 1.2178 1.2377 0.0000 1.1968 1.2340 1.1593 1.1850 1.2201 1.1842 1.2135 1.2002 1.1450 1.2106 1.1986 1.1757 1.1524 1.2111 1.1981 1.2105 1.1966 1.2203 1.2217 1.1973 1.1850 1.1529 1.2516 1.2262 1.1540 1.2469 1.2154 1.2271 1.2004 1.1681 1.2330 1.1900 1.1627 1.2133 1.1921 1.1830 1.1462 1.1852 1.1809 1.1546 1.1661 1.1013 1.1600 1.1836 1.2237 1.2081
1.2595 1.1889 1.1674 1.1810 1.2059 1.1396 1.1389 1.1368 1.2012 1.1237 1.1455 1.1701 1.1840 1.1968 0.0000 1.2012 1.2192 1.1649 1.1542 1.1730 1.2590 1.1893 1.2197 1.2029 1.2147 1.1721 1.1920 1.1965 1.2761 1.1791 1.2165 1.2361 1.1946 1.1903 1.1601 1.1086 1.1735 1.1136 1.1462 1.2784 1.1502 1.1784 1.2011 1.1246 1.1654 1.2209 1.1900 1.1650 1.0908 1.2266 1.0886 1.1791 1.1763 1.2181 1.1955 1.2342 1.1296 1.1623 1.2100 1.1938
1.2446 1.2339 1.2291 1.2438 1.2097 1.1958 1.2342 1.2403 1.2096 1.1987 1.2070 1.2092 1.2099 1.2340 1.2012 0.0000 1.2178 1.2210 1.2315 1.2454 1.2424 1.2579 1.2460 1.2420 1.2312 1.1693 1.2186 1.2710 1.3000 1.2332 1.2011 1.2227 1.1678 1.2039 1.2272 1.1826 1.2636 1.2683 1.2558 1.2662 1.1968 1.2328 1.2440 1.2131 1.2597 1.2519 1.1644 1.2246 1.1554 1.2504 1.2464 1.1804 1.1928 1.2458 1.2534 1.2340 1.2183 1.1804 1.2028 1.1834
1.1516 1.1680 1.2147 1.1956 1.2615 1.1792 1.1688 1.1773 1.2294 1.1911 1.1409 1.2345 1.2180 1.1593 1.2192 1.2178 0.0000 1.1804 1.1915 1.2069 1.2172 1.2486 1.2146 1.1763 1.2594 1.1870 1.1684 1.2005 1.2206 1.2704 1.1924 1.2192 1.1852 1.2401 1.2192 1.1674 1.2492 1.2256 1.1688 1.2217 1.1926 1.2155 1.1735 1.2298 1.2221 1.2377 1.1674 1.1615 1.2067 1.1982 1.1874 1.1709 1.1767 1.2069 1.1915 1.1758 1.1433 1.1957 1.1845 1.1747
1.1832 1.1352 1.1146 1.1912 1.2301 1.2280 1.1997 1.2039 1.1744 1.2226 1.1790 1.1821 1.1651 1.1850 1.1649 1.2210 1.1804 0.0000 1.2058 1.2005 1.2765 1.2207 1.2509 1.2514 1.2011 1.1155 1.1827 1.2293 1.2626 1.2243 1.1923 1.1713 1.2266 1.1544 1.1616 1.1809 1.2085 1.1870 1.1608 1.2494 1.1770 1.2156 1.1995 1.1848 1.1716 1.2592 1.1467 1.1916 1.1810 1.2562 1.1758 1.2177 1.1985 1.2190 1.1514 1.2421 1.1709 1.1988 1.1549 1.1957
1.2085 1.1587 1.1442 1.1663 1.2137 1.1756 1.2270 1.1749 1.1511 1.1815 1.1765 1.1790 1.2166 1.2201 1.1542 1.2315 1.1915 1.2058 0.0000 1.1844 1.1980 1.2392 1.2276 1.1579 1.1763 1.1956 1.1965 1.2191 1.2359 1.1646 1.2064 1.2227 1.1669 1.2262 1.2092 1.1213 1.2138 1.2039 1.1663 1.1770 1.1592 1.1813 1.1786 1.1240 1.2266 1.2307 1.1513 1.1992 1.2183 1.1794 1.1702 1.1358 1.1257 1.2308 1.2155 1.1955 1.2060 1.1735 1.1529 1.2148
1.1898 1.2098 1.2005 1.2267 1.2149 1.2367 1.2470 1.2390 1.2864 1.1894 1.2097 1.2046 1.2281 1.1842 1.1730 1.2454 1.2069 1.2005 1.1844 0.0000 1.1902 1.2506 1.2548 1.2213 1.2372 1.1691 1.1841 1.2712 1.2010 1.2066 1.2034 1.1721 1.2683 1.3012 1.2374 1.2079 1.2834 1.1546 1.1967 1.2754 1.2018 1.2041 1.2540 1.1903 1.2651 1.1462 1.2468 1.2394 1.2111 1.2562 1.2042 1.2240 1.2413 1.1924 1.2234 1.2664 1.1236 1.2045 1.2358 1.2796
1.3063 1.2233 1.2344 1.2660 1.2706 1.2378 1.2418 1.2226 1.2661 1.2339 1.2051 1.2903 1.2469 1.2135 1.2590 1.2424 1.2172 1.2765 1.1980 1.1902 0.0000 1.2432 1.2778 1.2628 1.2505 1.1707 1.1855 1.2515 1.2200 1.2185 1.1769 1.2667 1.1561 1.2757 1.2100 1.2708 1.2203 1.2909 1.2342 1.2472 1.2209 1.2908 1.2534 1.2359 1.2578 1.2731 1.2219 1.2588 1.2453 1.2532 1.1950 1.2438 1.2263 1.2556 1.2616 1.2394 1.2178 1.2148 1.2527 1.2692
1.2736 1.2585 1.1983 1.2084 1.2222 1.2112 1.2174 1.2762 1.2598 1.2060 1.2632 1.2454 1.1728 1.2002 1.1893 1.2579 1.2486 1.2207 1.2392 1.2506 1.2432 0.0000 1.2425 1.2691 1.2831 1.2086 1.2559 1.2546 1.2496 1.2007 1.2957 1.2806 1.2025 1.2849 1.2327 1.2750 1.2255 1.2397 1.2538 1.2853 1.2359 1.3041 1.2158 1.2315 1.2043 1.2810 1.2411 1.2549 1.2383 1.2366 1.2354 1.1689 1.2430 1.2452 1.2438 1.1849 1.2341 1.1652 1.2586 1.2521
1.2671 1.2200 1.2112 1.2231 1.2415 1.2538 1.2348 1.2372 1.2665 1.2384 1.2187 1.2778 1.2241 1.1450 1.2197 1.2460 1.2146 1.2509 1.2276 1.2548 1.2778 1.2425 0.0000 1.2084 1.2353 1.1778 1.1811 1.2385 1.2538 1.2291 1.2107 1.2044 1.2135 1.2603 1.2344 1.2169 1.2595 1.2571 1.2504 1.3009 1.2344 1.2121 1.1920 1.2224 1.2668 1.2278 1.1765 1.2107 1.1703 1.1834 1.2078 1.2468 1.1484 1.2547 1.2140 1.2326 1.1915 1.1545 1.2173 1.1817
1.2304 1.2233 1.1672 1.1630 1.3013 1.2609 1.1642 1.1256 1.2321 1.1761 1.1679 1.2263 1.2266 1.2106 1.2029 1.2420 1.1763 1.2514 1.1579 1.2213 1.2628 1.2691 1.2084 0.0000 1.2217 1.2599 1.2076 1.2840 1.2632 1.1632 1.2518 1.2306 1.1342 1.2620 1.2050 1.2260 1.2329 1.2458 1.2054 1.2427 1.1704 1.2185 1.1688 1.1820 1.2614 1.2346 1.2132 1.1577 1.1577 1.1940 1.1764 1.2346 1.1674 1.2213 1.2050 1.1986 1.1891 1.1874 1.2431 1.1834
1.2861 1.2081 1.2162 1.2170 1.2158 1.2481 1.2300 1.1914 1.2589 1.2072 1.2287 1.2314 1.2664 1.1986 1.2147 1.2312 1.2594 1.2011 1.1763 1.2372 1.2505 1.2831 1.2353 1.2217 0.0000 1.2029 1.2273 1.2847 1.2477 1.2210 1.2658 1.2098 1.2868 1.2173 1.2700 1.2594 1.2566 1.2443 1.2442 1.2421 1.1927 1.2765 1.3231 1.1946 1.2050 1.2548 1.2754 1.2541 1.2298 1.2633 1.2469 1.2543 1.1799 1.2865 1.1702 1.2151 1.1909 1.2421 1.2042 1.2448
1.2618 1.1938 1.1722 1.1810 1.1892 1.1656 1.2154 1.1653 1.2256 1.1756 1.2006 1.2219 1.2376 1.1757 1.1721 1.1693 1.1870 1.1155 1.1956 1.1691 1.1707 1.2086 1.1778 1.2599 1.2029 0.0000 1.1932 1.2354 1.2502 1.2128 1.1480 1.1123 1.2038 1.2129 1.2275 1.2310 1.2395 1.2466 1.2371 1.1728 1.2235 1.2410 1.2505 1.1317 1.2251 1.2079 1.2393 1.1970 1.1682 1.2090 1.2121 1.2278 1.1576 1.2016 1.1763 1.2134 1.1507 1.1654 1.2425 1.1636
1.1699 1.1810 1.1976 1.2157 1.2491 1.1716 1.1997 1.1788 1.2196 1.1884 1.1789 1.1799 1.2302 1.1524 1.1920 1.2186 1.1684 1.1827 1.1965 1.1841 1.1855 1.2559 1.1811 1.2076 1.2273 1.1932 0.0000 1.2220 1.2750 1.2665 1.2050 1.1926 1.2156 1.1986 1.1716 1.1649 1.2216 1.1754 1.2603 1.2077 1.1760 1.2070 1.1994 1.1476 1.2144 1.2311 1.1612 1.2452 1.2092 1.2105 1.1660 1.1955 1.2323 1.2240 1.1867 1.2358 1.1194 1.2106 1.2408 1.1820
1.2836 1.1851 1.2517 1.2506 1.2457 1.2283 1.2460 1.2414 1.2278 1.2378 1.2904 1.2735 1.2882 1.2111 1.1965 1.2710 1.2005 1.2293 1.2191 1.2712 1.2515 1.2546 1.2385 1.2840 1.2847 1.2354 1.2220 0.0000 1.2957 1.2909 1.2197 1.2167 1.2414 1.2693 1.2070 1.2588 1.2580 1.2775 1.2362 1.2982 1.1835 1.2713 1.2589 1.2322 1.2600 1.2768 1.2315 1.2733 1.2827 1.2113 1.1574 1.2880 1.2380 1.2467 1.2485 1.2094 1.2453 1.2430 1.2535 1.2176
1.2603 1.1889 1.2724 1.2374 1.2319 1.2683 1.2111 1.2349 1.2446 1.2112 1.2251 1.2470 1.2857 1.1981 1.2761 1.3000 1.2206 1.2626 1.2359 1.2010 1.2200 1.2496 1.2538 1.2632 1.2477 1.2502 1.2750 1.2957 0.0000 1.2983 1.2256 1.2648 1.2518 1.3098 1.2503 1.2494 1.2618 1.2445 1.1971 1.2969 1.2536 1.2639 1.2615 1.2549 1.2269 1.1805 1.2230 1.2355 1.2231 1.2708 1.2132 1.2838 1.2269 1.2887 1.1959 1.1950 1.1813 1.2216 1.2244 1.2314
1.3254 1.1983 1.1875 1.2476 1.2184 1.2061 1.2205 1.2051 1.2436 1.1529 1.1948 1.2075 1.2656 1.2105 1.1791 1.2332 1.2704 1.2243 1.1646 1.2066 1.2185 1.2007 1.2291 1.1632 1.2210 1.2128 1.2665 1.2909 1.2983 0.0000 1.2047 1.2661 1.2518 1.2432 1.1795 1.2314 1.2403 1.1963 1.2386 1.1818 1.2135 1.2528 1.2342 1.1914 1.2597 1.1847 1.2063 1.1458 1.1900 1.2426 1.2135 1.1979 1.1026 1.2605 1.1869 1.1856 1.2058 1.1865 1.2807 1.2513
1.2548 1.1377 1.1596 1.1875 1.2164 1.2492 1.1955 1.1572 1.2736 1.1755 1.1634 1.2220 1.2536 1.1966 1.2165 1.2011 1.1924 1.1923 1.2064 1.2034 1.1769 1.2957 1.2107 1.2518 1.2658 1.1480 1.2050 1.2197 1.2256 1.2047 0.0000 1.2010 1.2060 1.2196 1.1693 1.1811 1.2612 1.2520 1.2226 1.2314 1.2266 1.2153 1.2754 1.1469 1.2178 1.2439 1.2189 1.1841 1.2357 1.2553 1.2008 1.2318 1.2100 1.1999 1.1073 1.1730 1.2430 1.2141 1.1869 1.2156
1.2213 1.1606 1.2071 1.2555 1.1583 1.2213 1.2198 1.2455 1.2144 1.2409 1.1758 1.1885 1.1549 1.2203 1.2361 1.2227 1.2192 1.1713 1.2227 1.1721 1.2667 1.2806 1.2044 1.2306 1.2098 1.1123 1.1926 1.2167 1.2648 1.2661 1.2010 0.0000 1.2440 1.2777 1.1646 1.2154 1.2171 1.2546 1.1934 1.2451 1.2436 1.2779 1.2402 1.2012 1.2233 1.1789 1.2100 1.2343 1.1457 1.2459 1.2051 1.2256 1.2335 1.2056 1.2130 1.2498 1.2343 1.1667 1.1663 1.2283
1.2611 1.1953 1.2411 1.1629 1.2536 1.2055 1.2030 1.1404 1.2168 1.1931 1.1755 1.1887 1.2135 1.2217 1.1946 1.1678 1.1852 1.2266 1.1669 1.2683 1.1561 1.2025 1.2135 1.1342 1.2868 1.2038 1.2156 1.2414 1.2518 1.2518 1.2060 1.2440 0.0000 1.2286 1.1581 1.1834 1.1981 1.2092 1.2593 1.2242 1.2252 1.2408 1.1727 1.2540 1.2072 1.2469 1.2204 1.1794 1.1799 1.1815 1.1666 1.1594 1.2360 1.2364 1.2295 1.2413 1.1764 1.1470 1.2307 1.1047
1.2820 1.1996 1.2037 1.1761 1.2856 1.2193 1.2537 1.2228 1.2045 1.2328 1.1493 1.1940 1.2837 1.1973 1.1903 1.2039 1.2401 1.1544 1.2262 1.3012 1.2757 1.2849 1.2603 1.2620 1.2173 1.2129 1.1986 1.2693 1.3098 1.2432 1.2196 1.2777 1.2286 0.0000 1.1905 1.2323 1.2307 1.2589 1.2423 1.2564 1.1892 1.2494 1.2805 1.1584 1.2427 1.2940 1.1481 1.2096 1.2107 1.2431 1.1637 1.1710 1.1777 1.3145 1.1297 1.2151 1.1866 1.1673 1.2253 1.1829
1.2747 1.1507 1.2334 1.2539 1.2131 1.2044 1.1666 1.2374 1.1747 1.2247 1.1738 1.2209 1.2522 1.1850 1.1601 1.2272 1.2192 1.1616 1.2092 1.2374 1.2100 1.2327 1.2344 1.2050 1.2700 1.2275 1.1716 1.2070 1.2503 1.1795 1.1693 1.1646 1.1581 1.1905 0.0000 1.1889 1.1957 1.2053 1.2149 1.2291 1.1972 1.2455 1.1708 1.1701 1.2563 1.2138 1.1669 1.1811 1.1784 1.2159 1.1518 1.1805 1.2186 1.2167 1.1910 1.2039 1.2316 1.1665 1.2038 1.2166
1.2139 1.1899 1.1747 1.2079 1.2772 1.1967 1.1888 1.1580 1.1695 1.2081 1.1662 1.1755 1.2261 1.1529 1.1086 1.1826 1.1674 1.1809 1.1213 1.2079 1.2708 1.2750 1.2169 1.2260 1.2594 1.2310 1.1649 1.2588 1.2494 1.2314 1.1811 1.2154 1.1834 1.2323 1.1889 0.0000 1.2071 1.2375 1.2045 1.2602 1.1868 1.2302 1.2118 1.2023 1.1967 1.2304 1.1400 1.1889 1.1874 1.2465 1.1795 1.1793 1.1120 1.2730 1.2013 1.2250 1.2425 1.1975 1.1610 1.2017
1.2491 1.1903 1.2284 1.2310 1.2059 1.2761 1.2141 1.2105 1.2245 1.2213 1.2001 1.1747 1.1965 1.2516 1.1735 1.2636 1.2492 1.2085 1.2138 1.2834 1.2203 1.2255 1.2595 1.2329 1.2566 1.2395 1.2216 1.2580 1.2618 1.2403 1.2612 1.2171 1.1981 1.2307 1.1957 1.2071 0.0000 1.1795 1.1827 1.2399 1.1946 1.2437 1.1947 1.2190 1.1569 1.1975 1.1749 1.2126 1.2319 1.2761 1.1591 1.2028 1.2159 1.2284 1.2150 1.2406 1.2766 1.1477 1.1764 1.1775
1.2283 1.2205 1.1605 1.2752 1.2308 1.2038 1.1916 1.2284 1.2330 1.1625 1.1930 1.2010 1.2482 1.2262 1.1136 1.2683 1.2256 1.1870 1.2039 1.1546 1.2909 1.2397 1.2571 1.2458 1.2443 1.2466 1.1754 1.2775 1.2445 1.1963 1.2520 1.2546 1.2092 1.2589 1.2053 1.2375 1.1795 0.0000 1.2497 1.1938 1.2039 1.2060 1.2246 1.1932 1.1830 1.2587 1.1788 1.1992 1.1724 1.2569 1.1670 1.2592 1.2324 1.1933 1.2019 1.2950 1.1419 1.1881 1.2115 1.2503
1.1965 1.1898 1.2325 1.1640 1.2166 1.2034 1.2207 1.2051 1.2281 1.1829 1.1859 1.1634 1.1594 1.1540 1.1462 1.2558 1.1688 1.1608 1.1663 1.1967 1.2342 1.2538 1.2504 1.2054 1.2442 1.2371 1.2603 1.2362 1.1971 1.2386 1.2226 1.1934 1.2593 1.2423 1.2149 1.2045 1.1827 1.2497 0.0000 1.2401 1.2156 1.2849 1.2509 1.2108 1.2352 1.2283 1.2115 1.1952 1.1694 1.2056 1.1704 1.2132 1.1682 1.1806 1.2368 1.2418 1.2101 1.1989 1.1905 1.2623
1.2744 1.2498 1.2362 1.2666 1.2011 1.1909 1.2172 1.2055 1.2983 1.2281 1.2574 1.2285 1.2364 1.2469 1.2784 1.2662 1.2217 1.2494 1.1770 1.2754 1.2472 1.2853 1.3009 1.2427 1.2421 1.1728 1.2077 1.2982 1.2969 1.1818 1.2314 1.2451 1.2242 1.2564 1.2291 1.2602 1.2399 1.1938 1.2401 0.0000 1.2562 1.2242 1.2928 1.2268 1.1990 1.2548 1.2796 1.2219 1.2305 1.2844 1.2776 1.2145 1.2115 1.2829 1.1967 1.2463 1.2773 1.2020 1.2743 1.2316
1.1915 1.1646 1.1781 1.1765 1.2331 1.2027 1.1610 1.1543 1.1872 1.2182 1.1806 1.2137 1.1758 1.2154 1.1502 1.1968 1.1926 1.1770 1.1592 1.2018 1.2209 1.2359 1.2344 1.1704 1.1927 1.2235 1.1760 1.1835 1.2536 1.2135 1.2266 1.2436 1.2252 1.1892 1.1972 1.1868 1.1946 1.2039 1.2156 1.2562 0.0000 1.2654 1.1721 1.1469 1.1935 1.2241 1.1350 1.1519 1.2362 1.2453 1.1821 1.1885 1.1402 1.2351 1.1160 1.1749 1.2048 1.2247 1.2050 1.2274
1.2256 1.2478 1.2211 1.2020 1.2518 1.2326 1.2466 1.2327 1.2766 1.2795 1.2095 1.2479 1.3194 1.2271 1.1784 1.2328 1.2155 1.2156 1.1813 1.2041 1.2908 1.3041 1.2121 1.2185 1.2765 1.2410 1.2070 1.2713 1.2639 1.2528 1.2153 1.2779 1.2408 1.2494 1.2455 1.2302 1.2437 1.2060 1.2849 1.2242 1.2654 0.0000 1.2552 1.2451 1.2843 1.2942 1.2272 1.1914 1.1822 1.2636 1.1718 1.2196 1.2313 1.2864 1.2265 1.2465 1.1890 1.2183 1.2604 1.2407
1.2831 1.2075 1.2057 1.1583 1.2475 1.2535 1.2011 1.2061 1.2268 1.2554 1.1766 1.2060 1.1820 1.2004 1.2011 1.2440 1.1735 1.1995 1.1786 1.2540 1.2534 1.2158 1.1920 1.1688 1.3231 1.2505 1.1994 1.2589 1.2615 1.2342 1.2754 1.2402 1.1727 1.2805 1.1708 1.2118 1.1947 1.2246 1.2509 1.2928 1.1721 1.2552 0.0000 1.2325 1.2309 1.2521 1.1760 1.2433 1.2506 1.2121 1.1618 1.1878 1.2006 1.2043 1.2504 1.1706 1.1983 1.1408 1.1898 1.1935
1.2891 1.1918 1.1707 1.2004 1.1912 1.2141 1.1810 1.1978 1.1769 1.0922 1.1812 1.2213 1.1915 1.1681 1.1246 1.2131 1.2298 1.1848 1.1240 1.1903 1.2359 1.2315 1.2224 1.1820 1.1946 1.1317 1.1476 1.2322 1.2549 1.1914 1.1469 1.2012 1.2540 1.1584 1.1701 1.2023 1.2190 1.1932 1.2108 1.2268 1.1469 1.2451 1.2325 0.0000 1.2043 1.2478 1.1797 1.1422 1.1670 1.2212 1.1550 1.1442 1.1015 1.2476 1.1310 1.1804 1.1355 1.1584 1.2028 1.2062
1.2392 1.2406 1.1394 1.2375 1.1956 1.2048 1.2343 1.1695 1.2677 1.2615 1.1934 1.1974 1.1152 1.2330 1.1654 1.2597 1.2221 1.1716 1.2266 1.2651 1.2578 1.2043 1.2668 1.2614 1.2050 1.2251 1.2144 1.2600 1.2269 1.2597 1.2178 1.2233 1.2072 1.2427 1.2563 1.1967 1.1569 1.1830 1.2352 1.1990 1.1935 1.2843 1.2309 1.2043 0.0000 1.2635 1.2245 1.2300 1.2289 1.2093 1.2305 1.2377 1.2435 1.2773 1.1995 1.2735 1.1928 1.1889 1.2185 1.2442
1.2869 1.1873 1.2940 1.2167 1.2348 1.2340 1.2371 1.2414 1.2476 1.2139 1.1837 1.2187 1.2659 1.1900 1.2209 1.2519 1.2377 1.2592 1.2307 1.1462 1.2731 1.2810 1.2278 1.2346 1.2548 1.2079 1.2311 1.2768 1.1805 1.1847 1.2439 1.1789 1.2469 1.2940 1.2138 1.2304 1.1975 1.2587 1.2283 1.2548 1.2241 1.2942 1.2521 1.2478 1.2635 0.0000 1.2413 1.2622 1.2148 1.2892 1.2340 1.2655 1.1636 1.2025 1.2116 1.1887 1.2036 1.2041 1.2217 1.2057
1.2032 1.1964 1.1633 1.2013 1.2603 1.2493 1.1751 1.2073 1.1628 1.1889 1.1671 1.2117 1.2464 1.1627 1.1900 1.1644 1.1674 1.1467 1.1513 1.2468 1.2219 1.2411 1.1765 1.2132 1.2754 1.2393 1.1612 1.2315 1.2230 1.2063 1.2189 1.2100 1.2204 1.1481 1.1669 1.1400 1.1749 1.1788 1.2115 1.2796 1.1350 1.2272 1.1760 1.1797 1.2245 1.2413 0.0000 1.2293 1.2041 1.1793 1.1259 1.1756 1.1574 1.2591 1.1443 1.2324 1.1670 1.1537 1.1930 1.1909
1.2845 1.2057 1.1390 1.2399 1.1879 1.2407 1.1425 1.2034 1.2580 1.1637 1.1578 1.1906 1.2416 1.2133 1.1650 1.2246 1.1615 1.1916 1.1992 1.2394 1.2588 1.2549 1.2107 1.1577 1.2541 1.1970 1.2452 1.2733 1.2355 1.1458 1.1841 1.2343 1.1794 1.2096 1.1811 1.1889 1.2126 1.1992 1.1952 1.2219 1.1519 1.1914 1.2433 1.1422 1.2300 1.2622 1.2293 0.0000 1.1425 1.2173 1.1683 1.2053 1.1631 1.2408 1.1670 1.2179 1.1387 1.1184 1.2082 1.1592
1.2196 1.1566 1.1704 1.2358 1.2065 1.2338 1.1356 1.2031 1.1585 1.1234 1.1618 1.2177 1.2050 1.1921 1.0908 1.1554 1.2067 1.1810 1.2183 1.2111 1.2453 1.2383 1.1703 1.1577 1.2298 1.1682 1.2092 1.2827 1.2231 1.1900 1.2357 1.1457 1.1799 1.2107 1.1784 1.1874 1.2319 1.1724 1.1694 1.2305 1.2362 1.1822 1.2506 1.1670 1.2289 1.2148 1.2041 1.1425 0.0000 1.2364 1.1322 1.2292 1.1108 1.1955 1.2307 1.2139 1.1474 1.1600 1.1943 1.1797
1.2389 1.1590 1.2183 1.2306 1.2307 1.2548 1.2344 1.2294 1.2482 1.1968 1.1542 1.2560 1.1770 1.1830 1.2266 1.2504 1.1982 1.2562 1.1794 1.2562 1.2532 1.2366 1.1834 1.1940 1.2633 1.2090 1.2105 1.2113 1.2708 1.2426 1.2553 1.2459 1.1815 1.2431 1.2159 1.2465 1.2761 1.2569 1.2056 1.2844 1.2453 1.2636 1.2121 1.2212 1.2093 1.2892 1.1793 1.2173 1.2364 0.0000 1.1907 1.2114 1.2045 1.2274 1.2441 1.2261 1.1758 1.2325 1.2673 1.1955
1.2459 1.1686 1.2111 1.2016 1.2395 1.2296 1.1158 1.1812 1.1798 1.1678 1.1608 1.1717 1.2343 1.1462 1.0886 1.2464 1.1874 1.1758 1.1702 1.2042 1.1950 1.2354 1.2078 1.1764 1.2469 1.2121 1.1660 1.1574 1.2132 1.2135 1.2008 1.2051 1.1666 1.1637 1.1518 1.1795 1.1591 1.1670 1.1704 1.2776 1.1821 1.1718 1.1618 1.1550 1.2305 1.2340 1.1259 1.1683 1.1322 1.1907 0.0000 1.1702 1.1967 1.1786 1.1965 1.1394 1.0989 1.0622 1.2171 1.1733
1.2231 1.2012 1.2085 1.1840 1.2744 1.2186 1.2515 1.1441 1.2422 1.2198 1.1886 1.2115 1.2392 1.1852 1.1791 1.1804 1.1709 1.2177 1.1358 1.2240 1.2438 1.1689 1.2468 1.2346 1.2543 1.2278 1.1955 1.2880 1.2838 1.1979 1.2318 1.2256 1.1594 1.1710 1.1805 1.1793 1.2028 1.2592 1.2132 1.2145 1.1885 1.2196 1.1878 1.1442 1.2377 1.2655 1.1756 1.2053 1.2292 1.2114 1.1702 0.0000 1.1448 1.2450 1.2107 1.1920 1.2144 1.1642 1.2138 1.1787
1.2568 1.1703 1.1405 1.1857 1.2010 1.1679 1.1569 1.1809 1.1873 1.0941 1.1385 1.2450 1.2098 1.1809 1.1763 1.1928 1.1767 1.1985 1.1257 1.2413 1.2263 1.2430 1.1484 1.1674 1.1799 1.1576 1.2323 1.2380 1.2269 1.1026 1.2100 1.2335 1.2360 1.1777 1.2186 1.1120 1.2159 1.2324 1.1682 1.2115 1.1402 1.2313 1.2006 1.1015 1.2435 1.1636 1.1574 1.1631 1.1108 1.2045 1.1967 1.1448 0.0000 1.2392 1.1536 1.1834 1.1547 1.1796 1.2075 1.1783
1.2745 1.1599 1.2472 1.2565 1.2461 1.1950 1.1774 1.2599 1.2433 1.1532 1.1718 1.2063 1.2487 1.1546 1.2181 1.2458 1.2069 1.2190 1.2308 1.1924 1.2556 1.2452 1.2547 1.2213 1.2865 1.2016 1.2240 1.2467 1.2887 1.2605 1.1999 1.2056 1.2364 1.3145 1.2167 1.2730 1.2284 1.1933 1.1806 1.2829 1.2351 1.2864 1.2043 1.2476 1.2773 1.2025 1.2591 1.2408 1.1955 1.2274 1.1786 1.2450 1.2392 0.0000 1.2398 1.2456 1.1795 1.1855 1.2166 1.2030
1.2708 1.1564 1.1682 1.1607 1.1967 1.2116 1.1668 1.1762 1.2115 1.1540 1.1830 1.1809 1.2323 1.1661 1.1955 1.2534 1.1915 1.1514 1.2155 1.2234 1.2616 1.2438 1.2140 1.2050 1.1702 1.1763 1.1867 1.2485 1.1959 1.1869 1.1073 1.2130 1.2295 1.1297 1.1910 1.2013 1.2150 1.2019 1.2368 1.1967 1.1160 1.2265 1.2504 1.1310 1.1995 1.2116 1.1443 1.1670 1.2307 1.2441 1.1965 1.2107 1.1536 1.2398 0.0000 1.1513 1.2017 1.1637 1.1484 1.2085
1.3118 1.1827 1.2046 1.1728 1.2276 1.2056 1.1737 1.1819 1.2382 1.2002 1.1850 1.1936 1.2794 1.1013 1.2342 1.2340 1.1758 1.2421 1.1955 1.2664 1.2394 1.1849 1.2326 1.1986 1.2151 1.2134 1.2358 1.2094 1.1950 1.1856 1.1730 1.2498 1.2413 1.2151 1.2039 1.2250 1.2406 1.2950 1.2418 1.2463 1.1749 1.2465 1.1706 1.1804 1.2735 1.1887 1.2324 1.2179 1.2139 1.2261 1.1394 1.1920 1.1834 1.2456 1.1513 0.0000 1.2224 1.1798 1.2071 1.1943
1.2576 1.2001 1.1234 1.2380 1.2140 1.1935 1.1621 1.1880 1.1968 1.1575 1.1318 1.2513 1.1649 1.1600 1.1296 1.2183 1.1433 1.1709 1.2060 1.1236 1.2178 1.2341 1.1915 1.1891 1.1909 1.1507 1.1194 1.2453 1.1813 1.2058 1.2430 1.2343 1.1764 1.1866 1.2316 1.2425 1.2766 1.1419 1.2101 1.2773 1.2048 1.1890 1.1983 1.1355 1.1928 1.2036 1.1670 1.1387 1.1474 1.1758 1.0989 1.2144 1.1547 1.1795 1.2017 1.2224 0.0000 1.1819 1.2403 1.1870
1.2509 1.2181 1.1951 1.1447 1.1448 1.1567 1.1512 1.1717 1.1983 1.1577 1.1174 1.1757 1.1782 1.1836 1.1623 1.1804 1.1957 1.1988 1.1735 1.2045 1.2148 1.1652 1.1545 1.1874 1.2421 1.1654 1.2106 1.2430 1.2216 1.1865 1.2141 1.1667 1.1470 1.1673 1.1665 1.1975 1.1477 1.1881 1.1989 1.2020 1.2247 1.2183 1.1408 1.1584 1.1889 1.2041 1.1537 1.1184 1.1600 1.2325 1.0622 1.1642 1.1796 1.1855 1.1637 1.1798 1.1819 0.0000 1.2320 1.1464
1.2714 1.1935 1.1918 1.2087 1.2044 1.2346 1.1410 1.2330 1.2157 1.2453 1.1384 1.1783 1.2018 1.2237 1.2100 1.2028 1.1845 1.1549 1.1529 1.2358 1.2527 1.2586 1.2173 1.2431 1.2042 1.2425 1.2408 1.2535 1.2244 1.2807 1.1869 1.1663 1.2307 1.2253 1.2038 1.1610 1.1764 1.2115 1.1905 1.2743 1.2050 1.2604 1.1898 1.2028 1.2185 1.2217 1.1930 1.2082 1.1943 1.2673 1.2171 1.2138 1.2075 1.2166 1.1484 1.2071 1.2403 1.2320 0.0000 1.2216
1.2773 1.2260 1.1901 1.1701 1.2118 1.2166 1.1819 1.2359 1.2633 1.1924 1.1871 1.1463 1.2126 1.2081 1.1938 1.1834 1.1747 1.1957 1.2148 1.2796 1.2692 1.2521 1.1817 1.1834 1.2448 1.1636 1.1820 1.2176 1.2314 1.2513 1.2156 1.2283 1.1047 1.1829 1.2166 1.2017 1.1775 1.2503 1.2623 1.2316 1.2274 1.2407 1.1935 1.2062 1.2442 1.2057 1.1909 1.1592 1.1797 1.1955 1.1733 1.1787 1.1783 1.2030 1.2085 1.1943 1.1870 1.1464 1.2216 0.0000
